int x[20][100] = 
{
    // Apple 1
    {
	0,0,1,1,1,1,1,1,0,0,
	0,1,1,1,1,1,1,1,1,0,
	1,1,1,1,1,1,1,1,1,1,
	1,1,1,1,1,1,1,1,1,1,
	1,1,1,1,1,1,1,1,1,1,
	1,1,1,1,1,1,1,1,1,1,
	1,1,1,1,1,1,1,1,1,1,
	1,1,1,1,1,1,1,1,1,1,
	0,1,1,1,1,1,1,1,1,0,
	0,0,1,1,1,1,1,1,0,0,
   },

    // Apple 2
    {
	0,0,1,1,1,1,1,1,0,0,
	0,1,1,1,1,1,1,1,1,0,
	1,1,1,1,1,1,1,1,1,1,
	1,1,1,1,1,1,1,1,1,1,
	1,1,1,1,1,1,1,1,1,1,
	1,1,1,1,1,1,1,1,1,1,
	1,1,1,1,1,1,1,1,1,1,
	0,1,1,1,1,1,1,1,1,1,
	0,1,1,1,1,1,1,1,1,0,
	0,0,1,1,1,1,1,1,0,0,

    },

    // Apple 3
    {
	0,0,0,0,0,0,0,0,0,0,
	0,0,0,1,1,1,1,0,0,0,
	0,0,1,1,1,1,1,1,0,0,
	0,1,1,1,1,1,1,1,1,0,
	0,1,1,1,1,1,1,1,1,0,
	0,1,1,1,1,1,1,1,1,0,
	0,0,1,1,1,1,1,1,1,0,
	0,0,1,1,1,1,1,1,0,0,
	0,0,1,1,1,1,1,1,0,0,
	0,0,0,0,0,0,0,0,0,0,
    },

    // Apple 4
    {
	0,0,0,0,0,0,0,0,0,0,
	0,0,0,0,1,1,1,0,0,0,
	0,0,1,1,1,1,1,1,1,0,
	0,1,1,1,1,1,1,1,1,0,
	0,1,1,1,1,1,1,1,1,1,
	0,1,1,1,1,1,1,1,1,1,
	0,1,1,1,1,1,1,1,1,0,
	0,1,1,1,1,1,1,1,1,0,
	0,0,1,1,1,1,1,1,0,0,
	0,0,0,0,1,1,1,0,0,0,
    },

    // Apple 5
    {
	0,0,1,1,1,1,1,1,0,0,
	0,1,1,1,1,1,1,1,1,0,
	1,1,1,1,1,1,1,1,1,1,
	1,1,1,1,1,1,1,1,1,1,
	1,1,1,1,1,1,1,1,1,1,
	1,1,1,1,1,1,1,1,1,1,
	1,1,1,1,1,1,1,1,1,1,
	0,1,1,1,1,1,1,1,1,1,
	0,0,1,1,1,1,1,1,1,0,
	0,0,1,1,1,1,1,1,1,0,
    },

    // Apple 6
    {
	0,0,0,0,0,0,0,0,0,0,
	0,0,0,0,1,0,0,0,0,0,
	0,0,1,1,1,1,1,1,0,0,
	0,0,1,1,1,1,1,1,0,0,
	0,0,1,1,1,1,1,1,0,0,
	0,0,1,1,1,1,1,1,0,0,
	0,0,1,1,1,1,1,1,0,0,
	0,0,0,1,1,1,1,1,0,0,
	0,0,0,1,1,1,1,0,0,0,
	0,0,0,0,0,0,0,0,0,0,

    },

    // Apple 7
    {
	0,0,0,0,1,1,1,0,0,0,
	0,0,1,1,1,1,1,1,0,0,
	0,1,1,1,1,1,1,1,1,0,
	0,1,1,1,1,1,1,1,1,0,
	0,1,1,1,1,1,1,1,1,0,
	0,1,1,1,1,1,1,1,1,0,
	0,1,1,1,1,1,1,1,1,0,
	0,0,1,1,1,1,1,1,0,0,
	0,0,0,1,1,1,1,1,0,0,
	0,0,0,1,1,1,1,0,0,0,
    },

    // Apple 8
    {
	0,0,0,1,1,0,0,0,0,0,
	0,1,1,1,1,1,1,1,1,0,
	1,1,1,1,1,1,1,1,1,1,
	1,1,1,1,1,1,1,1,1,1,
	1,1,1,1,1,1,1,1,1,1,
	1,1,1,1,1,1,1,1,1,1,
	1,1,1,1,1,1,1,1,1,1,
	0,1,1,1,1,1,1,1,1,0,
	0,1,1,1,1,1,1,1,1,0,
	0,0,1,1,1,1,1,1,0,0,
    },

    // Apple 9
    {
	0,0,0,1,1,0,1,1,0,0,
	0,1,1,1,1,1,1,1,0,0,
	1,1,1,1,1,1,1,1,1,0,
	1,1,1,1,1,1,1,1,1,1,
	1,1,1,1,1,1,1,1,1,1,
	1,1,1,1,1,1,1,1,1,1,
	1,1,1,1,1,1,1,1,1,1,
	0,1,1,1,1,1,1,1,1,0,
	0,1,1,1,1,1,1,1,1,0,
	0,0,0,1,1,1,1,1,0,0,
    },			
   
    // Apple 10
    {
	0,0,0,0,0,1,1,1,1,0,
	0,0,0,0,0,1,1,1,0,0,
	0,0,0,0,1,0,0,0,0,0,
	0,1,1,1,1,1,1,1,0,0,
	0,1,1,1,1,1,1,1,1,0,
	0,1,1,1,1,1,1,1,1,0,
	0,1,1,1,1,1,1,1,1,0,
	0,1,1,1,1,1,1,1,1,0,
	0,1,1,1,1,1,1,1,0,0,
	0,0,1,1,1,1,1,1,0,0,
    },


    // pir 1
    {
	0,0,0,0,0,1,0,0,0,0,
	0,0,0,0,0,1,0,0,0,0,
	0,0,0,0,0,1,1,1,0,0,
	0,0,0,0,1,1,1,1,0,0,
	0,0,0,1,1,1,1,1,0,0,
	0,0,0,1,1,1,1,1,1,0,
	0,0,0,1,1,1,1,1,1,0,
	0,0,0,1,1,1,1,1,1,0,
	0,0,0,1,1,1,1,1,1,0,
	0,0,0,0,1,1,1,1,0,0,
    },

    // pir 2
    {
	0,0,0,0,0,0,0,0,0,0,
	0,0,0,1,1,0,0,0,0,0,
	0,0,0,0,1,0,0,0,0,0,
	0,0,0,1,1,1,0,0,0,0,
	0,0,0,1,1,1,1,0,0,0,
	0,0,0,1,1,1,1,1,0,0,
	0,0,1,1,1,1,1,1,0,0,
	0,0,1,1,1,1,1,1,0,0,
	0,0,0,1,1,1,1,1,0,0,
	0,0,0,0,1,0,0,0,0,0,
    },

    // pir 3 
    {
	0,0,0,0,1,1,0,0,0,0,
	0,0,0,0,1,1,0,0,0,0,
	0,0,1,1,1,1,1,0,0,0,
	0,0,1,1,1,1,1,1,0,0,
	0,1,1,1,1,1,1,1,0,0,
	0,1,1,1,1,1,1,1,1,0,
	0,1,1,1,1,1,1,1,1,0,
	0,1,1,1,1,1,1,1,1,0,
	0,0,1,1,1,1,1,1,0,0,
	0,0,0,1,1,1,1,0,0,0,
    },

    // pir 4
    {
	0,0,0,0,0,0,0,0,0,0,
	0,0,1,1,1,0,0,0,0,0,
	0,1,1,1,1,1,1,0,0,0,
	0,1,1,1,1,1,1,0,0,0,
	0,1,0,1,1,1,1,1,0,0,
	0,0,0,1,1,1,1,1,1,0,
	0,0,0,1,1,1,1,1,1,0,
	0,0,0,1,1,1,1,1,1,0,
	0,0,0,1,1,1,1,1,0,0,
	0,0,0,0,1,1,1,1,0,0,
    },

    // pir 5
    {
	0,0,1,1,0,0,1,0,0,0,
	0,1,1,1,1,1,1,0,0,0,
	1,1,1,1,1,1,0,0,0,0,
	0,1,1,1,1,1,1,0,0,0,
	0,0,0,1,1,1,1,1,0,0,
	0,0,1,1,1,1,1,1,0,0,
	0,0,1,1,1,1,1,1,1,0,
	0,0,1,1,1,1,1,1,1,0,
	0,0,0,1,1,1,1,1,0,0,
	0,0,0,1,1,1,1,0,0,0,
    },

    // pir 6
    {
	0,0,0,1,1,0,0,0,0,0,
	0,0,0,1,0,1,0,0,0,0,
	0,0,0,0,0,1,0,0,0,0,
	0,0,0,0,1,1,1,0,0,0,
	0,0,0,0,1,1,1,0,0,0,
	0,0,0,1,1,1,1,0,0,0,
	0,0,0,1,1,1,1,1,0,0,
	0,0,0,1,1,1,1,0,0,0,
	0,0,0,1,1,1,1,0,0,0,
	0,0,0,0,0,0,0,0,0,0,
    },

    // pir 7
    {
	0,0,0,0,0,1,0,0,0,0,
	0,0,0,0,0,1,0,0,0,0,
	0,0,0,0,0,1,1,1,0,0,
	0,0,0,0,1,1,1,1,0,0,
	0,0,0,1,1,1,1,1,0,0,
	0,0,0,1,1,1,1,1,1,0,
	0,0,0,1,1,1,1,1,1,0,
	0,0,0,1,1,1,1,1,1,0,
	0,0,0,1,1,1,1,1,1,0,
	0,0,0,0,1,1,1,1,0,0,
    },

    // pir 8
    {
	0,0,0,0,0,1,0,0,0,0,
	0,0,0,0,0,1,1,0,0,0,
	0,0,0,0,1,1,1,0,0,0,
	0,0,0,0,1,1,1,1,0,0,
	0,0,0,0,1,1,1,1,0,0,
	0,0,0,1,1,1,1,1,1,0,
	0,0,0,1,1,1,1,1,1,0,
	0,0,0,1,1,1,1,1,1,0,
	0,0,0,1,1,1,1,1,1,0,
	0,0,0,0,1,1,1,1,0,0,
    },

    // pir 9
    {
	0,0,0,0,1,1,0,0,0,0,
	0,0,0,0,0,1,0,0,0,0,
	0,0,0,0,1,1,0,0,0,0,
	0,0,0,1,1,1,1,0,0,0,
	0,0,0,1,1,1,1,0,0,0,
	0,0,1,1,1,1,1,1,0,0,
	0,0,1,1,1,1,1,1,0,0,
	0,0,1,1,1,1,1,1,0,0,
	0,0,1,1,1,1,1,1,0,0,
	0,0,1,1,1,1,1,0,0,0,
    },

    // pir 1,0,
    {
	0,0,0,0,1,1,0,0,0,0,
	0,0,0,0,1,0,0,0,0,0,
	0,0,0,0,1,1,0,0,0,0,
	0,0,0,1,1,1,1,0,0,0,
	0,0,0,1,1,1,1,0,0,0,
	0,0,1,1,1,1,1,1,0,0,
	0,0,1,1,1,1,1,1,0,0,
	0,0,1,1,1,1,1,1,0,0,
	0,0,1,1,1,1,1,1,0,0,
	0,0,0,1,1,1,1,1,0,0,
    },
   
};	


